500.000000 0.020000
500.000000 -0.020000
500.000000 0.040000
500.000000 -0.040000
500.000000 0.060000
500.000000 -0.060000
500.000000 0.080000
500.000000 -0.080000
500.000000 0.000000
600.000000 0.016667
600.000000 -0.016667
600.000000 0.033333
600.000000 -0.033333
600.000000 0.050000
600.000000 -0.050000
600.000000 0.066667
600.000000 -0.066667
600.000000 0.000000
700.000000 0.014286
700.000000 -0.014286
700.000000 0.028571
700.000000 -0.028571
700.000000 0.042857
700.000000 -0.042857
700.000000 0.057143
700.000000 -0.057143
700.000000 0.000000
800.000000 0.012500
800.000000 -0.012500
800.000000 0.025000
800.000000 -0.025000
800.000000 0.037500
800.000000 -0.037500
800.000000 0.050000
800.000000 -0.050000
800.000000 0.000000
900.000000 0.011111
900.000000 -0.011111
900.000000 0.022222
900.000000 -0.022222
900.000000 0.033333
900.000000 -0.033333
900.000000 0.044444
900.000000 -0.044444
900.000000 0.000000
1000.000000 0.010000
1000.000000 -0.010000
1000.000000 0.020000
1000.000000 -0.020000
1000.000000 0.030000
1000.000000 -0.030000
1000.000000 0.040000
1000.000000 -0.040000
1000.000000 0.000000
1100.000000 0.009091
1100.000000 -0.009091
1100.000000 0.018182
1100.000000 -0.018182
1100.000000 0.027273
1100.000000 -0.027273
1100.000000 0.036364
1100.000000 -0.036364
1100.000000 0.000000
1200.000000 0.008333
1200.000000 -0.008333
1200.000000 0.016667
1200.000000 -0.016667
1200.000000 0.025000
1200.000000 -0.025000
1200.000000 0.033333
1200.000000 -0.033333
1200.000000 0.000000
1300.000000 0.007692
1300.000000 -0.007692
1300.000000 0.015385
1300.000000 -0.015385
1300.000000 0.023077
1300.000000 -0.023077
1300.000000 0.030769
1300.000000 -0.030769
1300.000000 0.000000
1400.000000 0.007143
1400.000000 -0.007143
1400.000000 0.014286
1400.000000 -0.014286
1400.000000 0.021429
1400.000000 -0.021429
1400.000000 0.028571
1400.000000 -0.028571
1400.000000 0.000000
